cam_model: Pinhole
cam_width: 1280
cam_height: 1024
scale: 1.0
cam_fx: 1312.55
cam_fy: 1315.88
cam_cx: 654.029
cam_cy: 493.491
k1: -0.0931107
k2: 0.11652
k3: -0.00162809
k4: -0.000815772
